0.3122 -0.0002 2.9577 0.000
0.3122 -0.0002 2.9585 29.988
0.3122 -0.0002 2.9567 59.994
0.3122 -0.0002 2.9557 89.982
0.3122 -0.0002 2.9514 119.988
0.3122 -0.0002 2.9496 149.994
0.3122 -0.0002 2.9577 179.982
0.3122 -0.0002 2.9644 209.988
0.3122 -0.0002 2.9654 239.994
0.3122 -0.0002 2.9569 269.982
0.3122 -0.0002 2.9494 299.988
0.3122 -0.0002 2.9546 329.994
1.6601 -0.0002 2.9540 0.000
1.6601 -0.0002 2.9563 29.988
1.6601 -0.0002 2.9565 59.994
1.6601 -0.0002 2.9575 89.982
1.6601 -0.0002 2.9561 119.988
1.6601 -0.0002 2.9550 149.994
1.6601 -0.0002 2.9605 179.982
1.6601 -0.0002 2.9656 209.988
1.6601 -0.0002 2.9652 239.994
1.6601 -0.0002 2.9534 269.982
1.6601 -0.0002 2.9453 299.988
1.6601 -0.0002 2.9493 329.994
3.0080 -0.0002 2.9477 0.000
3.0080 -0.0002 2.9526 29.988
3.0080 -0.0002 2.9552 59.994
3.0080 -0.0002 2.9585 89.982
3.0080 -0.0002 2.9591 119.988
3.0080 -0.0002 2.9607 149.994
3.0080 -0.0002 2.9638 179.982
3.0080 -0.0002 2.9674 209.988
3.0080 -0.0002 2.9646 239.994
3.0080 -0.0002 2.9512 269.982
3.0080 -0.0002 2.9441 299.988
3.0080 -0.0002 2.9459 329.994
4.3559 -0.0002 2.9418 0.000
4.3559 -0.0002 2.9481 29.988
4.3559 -0.0002 2.9552 59.994
4.3559 -0.0002 2.9615 89.982
4.3559 -0.0002 2.9638 119.988
4.3559 -0.0002 2.9662 149.994
4.3559 -0.0002 2.9676 179.982
4.3559 -0.0002 2.9674 209.988
4.3559 -0.0002 2.9632 239.994
4.3559 -0.0002 2.9500 269.982
4.3559 -0.0002 2.9420 299.988
4.3559 -0.0002 2.9424 329.994
5.7038 -0.0002 2.9382 0.000
5.7038 -0.0002 2.9424 29.988
5.7038 -0.0002 2.9544 59.994
5.7038 -0.0002 2.9644 89.982
5.7038 -0.0002 2.9687 119.988
5.7038 -0.0002 2.9731 149.994
5.7038 -0.0002 2.9721 179.982
5.7038 -0.0002 2.9685 209.988
5.7038 -0.0002 2.9685 239.994
5.7038 -0.0002 2.9494 269.982
5.7038 -0.0002 2.9406 299.988
5.7038 -0.0002 2.9388 329.994