0.3123 -0.0002 2.9884 0.000
0.3123 -0.0002 2.9896 29.988
0.3123 -0.0002 2.9859 59.994
0.3123 -0.0002 2.9802 89.982
0.3123 -0.0002 2.9717 119.988
0.3123 -0.0002 2.9672 149.994
0.3123 -0.0002 2.9796 179.982
0.3123 -0.0002 2.9916 209.988
0.3123 -0.0002 2.9953 239.994
0.3123 -0.0002 2.9918 269.982
0.3123 -0.0002 2.9843 299.988
0.3123 -0.0002 2.9835 329.994
1.6601 -0.0002 2.9880 0.0000
1.6601 -0.0002 2.9904 29.988
1.6601 -0.0002 2.9878 59.994
1.6601 -0.0002 2.9819 89.982
1.6601 -0.0002 2.9768 119.988
1.6601 -0.0002 2.9723 149.994
1.6601 -0.0002 2.9794 179.982
1.6601 -0.0002 2.9896 209.988
1.6601 -0.0002 2.9914 239.994
1.6601 -0.0002 2.9888 269.982
1.6601 -0.0002 2.9833 299.988
1.6601 -0.0002 2.9827 329.994
3.0080 -0.0002 2.9880 0.000
3.0080 -0.0002 2.9908 29.988
3.0080 -0.0002 2.9908 59.994
3.0080 -0.0002 2.9849 89.982
3.0080 -0.0002 2.9815 119.988
3.0080 -0.0002 2.9770 149.994
3.0080 -0.0002 2.9802 179.982
3.0080 -0.0002 2.9878 209.988
3.0080 -0.0002 2.9888 239.994
3.0080 -0.0002 2.9865 269.982
3.0080 -0.0002 2.9839 299.988
3.0080 -0.0002 2.9849 329.994
4.3559 -0.0002 2.9892 0.000
4.3559 -0.0002 2.9920 29.988
4.3559 -0.0002 2.9937 59.994
4.3559 -0.0002 2.9890 89.982
4.3559 -0.0002 2.9853 119.988
4.3559 -0.0002 2.9815 149.994
4.3559 -0.0002 2.9817 179.982
4.3559 -0.0002 2.9853 209.988
4.3559 -0.0002 2.9845 239.994
4.3559 -0.0002 2.9837 269.982
4.3559 -0.0002 2.9847 299.988
4.3559 -0.0002 2.9880 329.994
5.7038 -0.0002 2.9900 0.000
5.7038 -0.0002 2.9930 29.988
5.7038 -0.0002 2.9957 59.994
5.7038 -0.0002 2.9914 89.982
5.7038 -0.0002 2.9908 119.988
5.7038 -0.0002 2.9894 149.994
5.7038 -0.0002 2.9845 179.982
5.7038 -0.0002 2.9823 209.988
5.7038 -0.0002 2.9811 239.994
5.7038 -0.0002 2.9819 269.982
5.7038 -0.0002 2.9865 299.988
5.7038 -0.0002 2.9916 329.994
